#  ID         RA  (2000)  DEC       L       B     R_Sun  R_gc    X     Y     Z   E(B-V) V_HB (m-M)V   V_t   M_Vt  HBR  [Fe/H]   v_r   +/-   v_LSR   c     e   r_c  r_h  r_t  lg(tc) lg(th)  mu_V   rho_0  nbss  sigma 	fbincore fbincore/rh
#	  					   kpc	  kpc	kpc   kpc   kpc		     				       km/s	     		      <--arcmin-->   lg10(yrs)	   V mag/  Lsun/  Leigh	Leigh	Mil/Leigh Milone
#	  									     				     	     								 sq. arcsec pc^3	
 NGC104    00 24 05.2  -72 04 51  305.90  -44.89    4.5   7.4   1.9  -2.6  -3.2   0.04 14.06 13.37  3.95  -9.42 -0.99  -0.76   -18.7  0.2  -28.0 2.03 n  0.09 0.40 2.79 42.86  7.96  9.48  14.43   4.81	 62     11.5	0.055	0.018	26
 NGC1261   03 12 15.3  -55 13 01  270.54  -52.13   16.4  18.2   0.1 -10.1 -12.9   0.01 16.70 16.10  8.29  -7.81 -0.71  -1.35    68.2  4.6   53.4 1.27 n  0.07 0.39 0.75  7.28  8.74  9.20  17.65   2.96	 56  	10.0	0.046	0.064	 8
 NGC1851   05 14 06.3  -40 02 50  244.51  -35.04   12.1  16.7  -4.3  -8.9  -6.9   0.02 16.09 15.47  7.14  -8.33 -0.36  -1.22   320.5  0.6  301.7 2.32 n  0.05 0.06 0.52 11.70  6.98  8.85  14.15   5.32	 34  	10.4	1.00	1.00 	 9
 NGC2298   06 48 59.2  -36 00 19  245.63  -16.01   10.7  15.7  -4.3  -9.4  -3.0   0.14 16.11 15.59  9.29  -6.30  0.93  -1.85   148.9  1.2  129.8 1.28 n  0.08 0.34 0.78  6.48  8.03  8.70  18.79   2.91  27  	10.0 	0.154	0.112	 0
 NGC3201   10 17 36.8  -46 24 40  277.23    8.64    5.0   8.9   0.6  -4.9   0.8   0.23 14.77 14.21  6.75  -7.46  0.08  -1.58   494.0  0.2  481.9 1.30 n  0.12 1.43 2.68 28.45  8.78  9.20  18.77   2.73	 40  	 5.2	0.128	1.008	13
 NGC4147   12 10 06.2  +18 32 31  252.85   77.19   19.3  21.3  -1.3  -4.1  18.8   0.02 17.01 16.48 10.32  -6.16  0.55  -1.83   183.2  0.7  186.5 1.80 n  0.08 0.10 0.43  6.31  7.49  8.67  17.63   3.48	 16  	 2.6	0.262	0.034	10
 NGC4590   12 39 28.0  -26 44 34  299.63   36.05   10.2  10.1   4.1  -7.1   6.0   0.05 15.68 15.19  7.84  -7.35  0.17  -2.06   -94.3  0.4  -96.2 1.64 n  0.05 0.69 1.55 30.34  8.67  9.29  18.67   2.54	 29  	 2.5	0.114	0.080	13
 NGC5024   13 12 55.3  +18 10 09  332.96   79.76   17.8  18.3   2.8  -1.4  17.5   0.02 16.81 16.31  7.61  -8.70  0.81  -1.99   -79.1  4.1  -71.5 1.78 n  0.01 0.36 1.11 21.75  8.76  9.66  17.39   3.05	 57  	10.0	0.087	0.056	23
 NGC5139   13 26 45.9  -47 28 37  309.10   14.97    5.3   6.4   3.2  -3.9   1.4   0.12 14.53 13.97  3.68 -10.29  0.19  -1.62   232.3  0.5  229.4 1.61 n  0.17 1.40 4.18 57.03  9.05 10.00  16.77   3.37  49  	16.8	1.00 	1.00	 0
 NGC5272   13 42 11.2  +28 22 32   42.21   78.71   10.4  12.2   1.5   1.4  10.2   0.01 15.68 15.12  6.19  -8.93  0.08  -1.57  -147.6  0.2 -137.0 1.84 n  0.04 0.55 1.12 38.19  8.84  9.35  16.34   3.51	 74  	 5.5	0.054	0.024	 0
 NGC5286   13 46 26.5  -51 22 24  311.61   10.57   11.0   8.4   7.2  -8.1   2.0   0.24 16.50 15.95  7.34  -8.61  0.80  -1.67    57.4  1.5   54.7 1.46 n  0.12 0.29 0.69  8.36  8.41  9.02  16.07   4.17	 82  	 8.1	1.00	1.00     0
 NGC5466   14 05 27.3  +28 32 04   42.15   73.59   15.9  16.2   3.3   3.0  15.2   0.00 16.47 16.00  9.04  -6.96  0.58  -2.22   107.7  0.3  119.7 1.32 n  0.11 1.64 2.25 34.24  9.56  9.75  21.28   0.88	 30  	 1.7	0.142	0.110	 0
 NGC5904   15 18 33.8  +02 04 58    3.86   46.80    7.5   6.2   5.1   0.3   5.4   0.03 15.07 14.46  5.65  -8.81  0.31  -1.27    52.6  0.4   65.7 1.83 n  0.14 0.42 2.11 28.40  8.26  9.53  16.05   3.91	 37  	 5.7	0.060	0.024	15
 NGC5927   15 28 00.5  -50 40 22  326.60    4.86    7.6   4.5   6.3  -4.2   0.6   0.45 16.55 15.81  8.01  -7.80 -1.00  -0.37  -107.5  1.0 -106.3 1.60 n  0.04 0.42 1.15 16.68  8.29  8.98  17.45   3.87	 28  	10.0	1.004	0.052	16
 NGC5986   15 46 03.5  -37 47 10  337.02   13.27   10.4   4.8   9.3  -4.0   2.4   0.28 16.52 15.96  7.52  -8.44  0.97  -1.58    88.9  3.7   94.3 1.22 n  0.06 0.63 1.05 10.52  8.94  9.23  17.56   3.32	 57  	10.0	0.048	0.010	12
 NGC6093   16 17 02.5  -22 58 30  352.67   19.46   10.0   3.8   9.4  -1.2   3.3   0.18 16.10 15.56  7.33  -8.23  0.93  -1.75     8.2  1.5   18.6 1.95 n  0.00 0.15 0.65 13.28  7.73  8.86  15.19   4.76	 79  	12.4	1.00	1.00 	15
 NGC6101   16 25 48.6  -72 12 06  317.75  -15.82   15.3  11.1  10.9  -9.9  -4.2   0.05 16.60 16.07  9.16  -6.91  0.84  -1.82   361.4  1.7  357.2 0.80 n  0.05 1.15 1.71  7.27  9.43  9.54  20.12   1.64	 26  	10.0	0.100	0.084	 0
 NGC6121   16 23 35.5  -26 31 31  350.97   15.97    2.2   5.9   2.1  -0.3   0.6   0.36 13.45 12.83  5.63  -7.20 -0.06  -1.20    70.4  0.3   80.0 1.59 n  0.00 0.83 3.65 32.49  7.57  8.82  17.88   3.82	 11  	 4.0	0.148	0.102	 0
 NGC6171   16 32 31.9  -13 03 13    3.37   23.01    6.4   3.3   5.9   0.3   2.5   0.33 15.70 15.06  7.93  -7.13 -0.73  -1.04   -33.6  0.3  -20.4 1.51 n  0.02 0.54 2.70 17.44  8.05  9.31  18.84   3.13	 19  	 4.1	0.186	0.092	11
 NGC6205   16 41 41.5  +36 27 37   59.01   40.91    7.7   8.7   3.0   5.0   5.0   0.02 15.05 14.48  5.78  -8.70  0.97  -1.54  -245.6  0.3 -227.2 1.51 n  0.11 0.78 1.49 25.18  8.80  9.30  16.80   3.33	 41  	 7.1	0.010	0.012	 7
 NGC6218   16 47 14.5  -01 56 52   15.72   26.31    4.9   4.5   4.2   1.2   2.2   0.19 14.60 14.02  6.70  -7.32  0.97  -1.48   -42.2  0.5  -26.4 1.39 n  0.04 0.72 2.16 17.60  8.10  9.02  18.17   3.23	 28  	 4.5	0.114	0.064	14
 NGC6254   16 57 08.9  -04 05 58   15.14   23.08    4.4   4.6   3.9   1.1   1.7   0.28 14.65 14.08  6.60  -7.48  0.98  -1.52    75.8  1.0   91.5 1.40 n  0.00 0.86 1.81 21.48  8.33  8.86  17.69   3.50	 36  	 6.6	0.078	0.044	 0
 NGC6304   17 14 32.1  -29 27 44  355.83    5.38    6.0   2.2   6.0  -0.4   0.6   0.53 16.25 15.54  8.22  -7.32 -1.00  -0.59  -107.3  3.6  -97.4 1.80 n  0.02 0.21 1.41 13.25  7.37  8.88  17.34   4.41	 19  	10.0	1.00	1.00 	12
 NGC6341   17 17 07.3  +43 08 11   68.34   34.86    8.2   9.6   2.5   6.3   4.7   0.02 15.10 14.64  6.44  -8.20  0.91  -2.28  -120.3  0.1 -101.7 1.81 n  0.10 0.23 1.09 15.17  7.84  9.06  15.58   4.29	 41  	 6.0	0.057	0.020	 0
 NGC6362   17 31 54.8  -67 02 53  325.55  -17.57    7.6   5.1   5.9  -4.1  -2.3   0.09 15.33 14.67  7.73  -6.94 -0.58  -0.95   -13.1  0.6  -15.1 1.10 n  0.07 1.32 2.18 16.67  9.00  9.25  19.19   2.26	 35  	 2.8	0.120	0.042	20
 NGC6535   18 03 50.7  -00 17 49   27.18   10.44    6.8   3.9   6.0   3.1   1.2   0.34 15.75 15.22 10.47  -4.75  1.00  -1.80  -215.1  0.5 -198.0 1.30 n  0.08 0.42 0.77  8.36  7.66  8.15  20.22   2.69	  7  	 2.4	0.092	0.052	 0
 NGC6584   18 18 37.7  -52 12 54  342.14  -16.41   13.4   7.0  12.3  -4.0  -3.8   0.10 16.53 15.95  8.27  -7.68 -0.15  -1.49   222.9 15.0  226.0 1.20 n  0.03 0.59 0.80  9.37  9.01  9.09  17.79   2.92	 36     10.0	0.090	0.072	15
 NGC6637   18 31 23.2  -32 20 53    1.72  -10.27    9.1   1.9   8.9   0.3  -1.6   0.16 15.98 15.28  7.64  -7.64 -1.00  -0.70    39.9  2.8   49.3 1.39 n  0.01 0.34 0.83  8.35  8.21  8.85  16.83   3.78	 50  	10.0	0.124	0.058	18
 NGC6652   18 35 45.7  -32 59 25    1.53  -11.38   10.1   2.8   9.9   0.3  -2.0   0.09 15.96 15.30  8.62  -6.68 -1.00  -0.96  -111.7  5.8 -102.6 1.80 n  0.20 0.07 0.65  4.48  6.71  8.61  16.31   4.52	 16     10.0	0.344	1.004	11
 NGC6723   18 59 33.2  -36 37 54    0.07  -17.30    8.7   2.6   8.3   0.0  -2.6   0.05 15.48 14.85  7.01  -7.84 -0.08  -1.12   -94.5  3.6  -86.7 1.05 n  0.00 0.94 1.61 10.51  8.98  9.29  17.92   2.82	 39  	10.0	0.062	0.026	10
 NGC6779   19 16 35.5  +30 11 05   62.66    8.34   10.1   9.7   4.6   8.9   1.5   0.20 16.16 15.65  8.27  -7.38  0.98  -1.94  -135.7  0.8 -116.9 1.37 n  0.03 0.37 1.16  8.56  8.19  9.10  18.06   3.26	 21  	 4.0	0.100	0.056	 0
 NGC6838   19 53 46.1  +18 46 42   56.74   -4.56    4.0   6.7   2.2   3.3  -0.3   0.25 14.48 13.79  8.19  -5.60 -1.00  -0.73   -22.8  0.2   -5.4 1.15 n  0.00 0.63 1.65  8.96  7.65  8.43  19.22   3.04	 17  	 2.3	0.304	0.220	 7
 NGC6934   20 34 11.6  +07 24 15   52.10  -18.89   15.7  12.8   9.1  11.7  -5.1   0.10 16.86 16.29  8.83  -7.46  0.25  -1.54  -411.4  1.6 -396.7 1.53 n  0.01 0.25 0.60  8.37  8.33  8.97  17.26   3.43	 35  	 5.1	0.094	0.064	17
 NGC6981   20 53 27.9  -12 32 13   35.16  -32.68   17.0  12.9  11.7   8.3  -9.2   0.05 16.90 16.31  9.27  -7.04  0.14  -1.40  -345.1  3.7 -334.7 1.23 n  0.02 0.54 0.88  9.15  8.93  9.20  18.90   2.35	 31  	10.0	0.098	0.062	11
 NGC7089   21 33 29.3  -00 49 23   53.38  -35.78   11.5  10.4   5.6   7.5  -6.7   0.06 16.05 15.49  6.47  -9.02  0.96  -1.62    -5.3  2.0    5.1 1.80 n  0.11 0.34 0.93 21.45  8.54  9.32  15.92   3.90	 83  	 8.2	0.094	0.064	 5